====== Welcome to the mélange building script =====
	Making experiment to compare mélange realizations
run_config is {'ncpus_xy': [10, 1], 'run_name': 'BJD_Copy_b0', 'ndays': 5, 'test': False, 'horiz_res_m': 500, 'Lx_m': 50000, 'Ly_m': 6000, 'use_GMRedi': False, 'periodic_forcing': False, 'use_MPI': True, 'lf': '\r\n', 'exps_dir': '/Users/psummers8/Documents/MITgcm/MITgcm/experiments', 'run_dir': '/Users/psummers8/Documents/MITgcm/MITgcm/experiments/BJD_Copy_b0'}
run directory and subdirectories:
/Users/psummers8/Documents/MITgcm/MITgcm/experiments/BJD_Copy_b0
['input', 'code', 'results', 'build']
====== Domain Size and Parameters =====
Nx: 100.0
Ny: 12.0
sNx: 10.0
sNy: 12.0
Grid parameters
{'Nr': 50, 'nSx': 1, 'nSy': 1, 'nTx': 1, 'nTy': 1, 'OLx': 3, 'OLy': 3, 'nPx': 10, 'nPy': 1, 'Nx': 100, 'Ny': 12, 'sNx': 10, 'sNy': 12}
Diagnostic Settings
{'diag_mnc': False, 'fields(1:5,1)': "THETA','SALT','UVEL','WVEL','VVEL", 'fileName(1)': 'dynDiag', 'frequency(1)': 432000, 'timePhase(1)': 0.0, 'fields(1:5,2)': "THETA','SALT','UVELMASS','VVELMASS','WVELMASS", 'fileName(2)': 'dynMassDiag', 'frequency(2)': 432000, 'timePhase(2)': 0.0, 'fields(1:6,3)': "UTHMASS ','USLTMASS','VTHMASS ','VSLTMASS','WTHMASS ','WSLTMASS", 'fileName(3)': 'fluxMassDiag', 'frequency(3)': 432000, 'timePhase(3)': 0.0, 'fields(1:3,4)': "BRGfwFlx','BRGhtFlx','BRGmltRt", 'fileName(4)': 'BRGFlx', 'frequency(4)': 432000, 'timePhase(4)': 0.0, 'fields(1:5,5)': "icefrntW','icefrntT','icefrntS','icefrntR','icefrntM", 'fileName(5)': 'plumeDiag', 'frequency(5)': 432000, 'timePhase(5)': 0.0, 'fields(1:5,6)': "THETA','SALT','UVEL','WVEL','VVEL", 'fileName(6)': 'dynDiag_inst', 'frequency(6)': -432000, 'timePhase(6)': 0.0}
====== Boundary Conditions =====
====== Domain Initialization =====
fjord end: 90
Plume Location: 6 discharge: 100.000000
====== Making mélange =====
Area where bergs live: 197500000.0 m^2
Desired berg area: 40487500.0 m^2
Ratio: 20.5%
Making bergs, this can take a few loops...
random seed set, not really random anymore
	numberOfBergs: 3000
		8.31 % Bergs
		areaResidual 59.48 %
	numberOfBergs: 4784
		12.61 % Bergs
		areaResidual 38.48 %
	numberOfBergs: 6625
		17.81 % Bergs
		areaResidual 13.10 %
	numberOfBergs: 7493
		21.02 % Bergs
		areaResidual -2.54 %
	numberOfBergs: 7302
		20.29 % Bergs
		areaResidual 1.01 %
	numberOfBergs: 7376
		20.98 % Bergs
		areaResidual -2.35 %
	numberOfBergs: 7203
		21.05 % Bergs
		areaResidual -2.68 %
	numberOfBergs: 7010
		19.35 % Bergs
		areaResidual 5.63 %
	numberOfBergs: 7405
		20.43 % Bergs
		areaResidual 0.35 %
====== Success! Found our bergs =====
Width min/mean/max: 20.001982/66.336967/385.935437 [m]
Depth min/mean/max: 20.002188/199.760324/199.760324 [m]
Total Berg Area 40346434.738372
Total Berg fract: 20.43 %
790 cells with bergs
Bergs per cell and filled faction at surface for spot check
[ 4 34  5  8  5  6 14 28  5  3  9  8  7  6 20  7  8  4  5  5  5  5  8 25
  7  4  8  4  6  6  6  4  9  6 17  6  4 25  4 11  8 10  4  6  7 26 26 31
 16  4  5  4  9  6  5  7  9  6  7  8  9 22  7  7  4 11 14  4  7  6  3 12
  3  4  4  4  4  4  4  7 17  7 38  7  8  7  4  3  7  3 46  7 11 10 26  5
  5  7 13 33  4  8  5  6  4  5  6  5  5  9  7 31 11 11  9  7  5  3 26  7
  5  6 32  4  5 18 11  4  9  6 10  6 26  3  4  6  6 11  4  6  5  5 11  4
  7  8 10  5  9  5  6  4  6  7  8  4  3  5 34  7  5  8  8 38 46  6 24  5
  7  7  7 25  5 14  8  6  9 28  6 38 33 29  8  9  7  7  5  4  4  4  7  3
  5 16  5  6  4  6  7 19  1  7  6  4  5  6  6  6  5  8  3 14  6  7  6  5
  6  7  4  6  5  6  5 11  3  6  5  5  6 11  6  1  5  4  2  5  3  6  9  9
 40  5  3  4 11  6  6  7 23 43 35 17  7  7  5  7 11  8  7 13  8  7  5 12
  4 32  4 10  5  8  5  6 34 32  5  7 32  7  4 16  5 10  5  4  5  5  9  5
  7  7  7 10  7  7  7  4  6  2  5  2  6  7  4  3  4  5  5  7  7  5  4  5
  5  5  2  3  7  7  6  7  6  6  9 13 19  4  4 34 25 11 12 34 29 45  5 34
  5  5 35  5  4  4  5 11  9  5  4  6  5  7  7  9  5  8  7 13  5  3  4  6
  9  5  3  7  7  7 12  3  7  6 20 11 23  3  6  2  4  6  5  5  8  3  5  8
  5  7  5  4  4  4  2  6  5  4  6  4  8  7 20  6 43  4  4 32  4  7  5 32
  6  4  7 33  6  5  9 15 16 28  7 15  3  7  7  3  4  7 27  6  7 19  4 26
 14  2  7 21 11  5  8  4  5  5  5  7  8  6  4  6  3  6  5  5  3  4  8  9
  6  4  5  9  5  3  5  7  8  6  4  8  5  3  5  2  4  2  6  4 15 33  6 26
  6 25  4  6 26  3 36  5  8  5  5  5 32  4 26  4 19 24  9 19  5  8 13 22
  7 10 27  5 34  7  7 11  6  7  8 11  5  6  5 38  5 17  7  5  8  6 23 27
  5 27  9  7  4  5  7  6  4  5  6  3 11  7  7  3  7  3  5  6  5  4  5  4
  3  7 33  6  6 33  7  7  7  7  7  3  6  5  5  6 32  4  7  8 33  8  5  4
 36 12 35  6 29 39  9  6  6  7  4  8  4  7  6  8 12  8  3  7 12  5  6  6
  5 25  6  8  8  6  8  6 17  5  6  3 10  5 22  4 20  2  6  8  4  3  6  6
  4  3  4 11  3  4  4  5 32  5  9  7  7  7  8  7  3  6  4  3 18 28  4  7
  4  6 15  6  5  8 21  6 10  3  7 10  4  8 28  5  6 14  9  6  6  7  8  8
  8 36  4  4  5  8  5  7  9  6 29  8 12  6 23  4  5  6  5 25  4  6  7  7
 17  3  6  5  5  7  6  2  5  4  3  5  4  3  4 24  6  8  7 36  7  3  5 21
  6  8  5  7 13  5  7 26  5  8  8  4 26  6  5 12  6 38 32 23  4  5 30 32
  7 28  4  6  5  4  5  4  5  6  5  7  6 13  5  7  5 23  9  5  6  5  7  9
 12  8 23  9  8  7  6  5  4  7  7  7  7  6  4  5  4  4  4  6  6  5]
[0.41 0.37 0.4  0.39 0.39 0.38 0.38 0.18 0.37 0.36 0.36 0.36 0.34 0.34
 0.34 0.33 0.33 0.32 0.32 0.32 0.31 0.3  0.3  0.17 0.29 0.28 0.28 0.27
 0.27 0.26 0.26 0.25 0.25 0.25 0.24 0.24 0.23 0.11 0.22 0.21 0.21 0.2
 0.2  0.19 0.19 0.12 0.07 0.12 0.17 0.17 0.16 0.15 0.15 0.14 0.14 0.13
 0.13 0.12 0.12 0.11 0.11 0.1  0.1  0.09 0.09 0.08 0.08 0.07 0.07 0.06
 0.06 0.05 0.05 0.04 0.04 0.03 0.03 0.02 0.02 0.41 0.4  0.4  0.37 0.39
 0.38 0.38 0.37 0.37 0.36 0.36 0.27 0.35 0.34 0.34 0.18 0.33 0.32 0.32
 0.31 0.3  0.3  0.3  0.29 0.29 0.28 0.28 0.27 0.27 0.26 0.26 0.25 0.13
 0.25 0.24 0.23 0.23 0.22 0.22 0.21 0.21 0.2  0.2  0.1  0.19 0.18 0.18
 0.17 0.17 0.16 0.16 0.15 0.15 0.14 0.14 0.13 0.13 0.12 0.12 0.11 0.11
 0.1  0.1  0.09 0.09 0.09 0.08 0.07 0.07 0.07 0.06 0.05 0.05 0.04 0.04
 0.04 0.03 0.03 0.02 0.38 0.4  0.4  0.39 0.39 0.37 0.21 0.38 0.37 0.36
 0.36 0.35 0.35 0.21 0.34 0.33 0.33 0.32 0.32 0.25 0.31 0.26 0.23 0.27
 0.29 0.28 0.28 0.27 0.27 0.26 0.26 0.26 0.25 0.25 0.24 0.23 0.23 0.22
 0.22 0.21 0.21 0.2  0.19 0.19 0.19 0.18 0.18 0.17 0.17 0.16 0.16 0.15
 0.15 0.14 0.14 0.13 0.13 0.12 0.12 0.11 0.11 0.11 0.1  0.09 0.09 0.08
 0.08 0.07 0.07 0.06 0.06 0.05 0.05 0.04 0.04 0.03 0.03 0.02 0.02 0.41
 0.4  0.4  0.36 0.39 0.39 0.38 0.37 0.37 0.36 0.36 0.12 0.24 0.32 0.34
 0.33 0.33 0.32 0.32 0.31 0.31 0.3  0.3  0.29 0.29 0.28 0.28 0.27 0.16
 0.26 0.26 0.25 0.25 0.24 0.24 0.15 0.12 0.22 0.22 0.2  0.21 0.2  0.2
 0.19 0.19 0.18 0.18 0.17 0.17 0.16 0.16 0.15 0.15 0.15 0.14 0.13 0.13
 0.12 0.12 0.11 0.11 0.1  0.1  0.09 0.09 0.08 0.07 0.07 0.07 0.06 0.06
 0.06 0.05 0.04 0.03 0.03 0.03 0.02 0.02 0.41 0.4  0.4  0.39 0.39 0.38
 0.38 0.37 0.37 0.36 0.36 0.2  0.14 0.34 0.34 0.29 0.27 0.16 0.32 0.11
 0.31 0.3  0.23 0.29 0.29 0.29 0.28 0.27 0.27 0.26 0.26 0.25 0.25 0.24
 0.24 0.24 0.23 0.22 0.22 0.21 0.21 0.2  0.2  0.19 0.19 0.18 0.17 0.17
 0.17 0.16 0.16 0.15 0.15 0.15 0.07 0.13 0.12 0.12 0.12 0.11 0.11 0.1
 0.1  0.1  0.09 0.08 0.08 0.07 0.07 0.06 0.06 0.05 0.05 0.04 0.04 0.03
 0.03 0.02 0.02 0.41 0.4  0.4  0.39 0.39 0.26 0.38 0.37 0.3  0.36 0.36
 0.35 0.23 0.34 0.34 0.34 0.1  0.32 0.32 0.31 0.31 0.3  0.3  0.29 0.29
 0.29 0.28 0.27 0.27 0.26 0.26 0.15 0.25 0.24 0.23 0.23 0.12 0.22 0.22
 0.21 0.2  0.2  0.2  0.19 0.19 0.18 0.18 0.17 0.17 0.16 0.16 0.15 0.15
 0.14 0.14 0.13 0.13 0.12 0.12 0.11 0.11 0.1  0.1  0.09 0.09 0.08 0.08
 0.07 0.07 0.06 0.06 0.05 0.05 0.04 0.04 0.03 0.03 0.02 0.02 0.41 0.41
 0.4  0.37 0.38 0.35 0.38 0.19 0.37 0.36 0.14 0.35 0.28 0.34 0.34 0.34
 0.33 0.33 0.11 0.31 0.31 0.3  0.3  0.27 0.29 0.28 0.28 0.27 0.27 0.26
 0.26 0.25 0.24 0.25 0.13 0.23 0.23 0.22 0.22 0.21 0.21 0.2  0.2  0.19
 0.19 0.16 0.18 0.17 0.17 0.16 0.16 0.15 0.06 0.08 0.14 0.12 0.13 0.12
 0.12 0.11 0.1  0.1  0.1  0.09 0.09 0.08 0.08 0.07 0.07 0.06 0.06 0.05
 0.05 0.04 0.04 0.03 0.03 0.02 0.02 0.41 0.33 0.4  0.39 0.18 0.39 0.37
 0.37 0.37 0.36 0.36 0.35 0.35 0.34 0.34 0.25 0.33 0.32 0.32 0.26 0.31
 0.3  0.3  0.28 0.29 0.28 0.28 0.27 0.24 0.26 0.26 0.25 0.25 0.24 0.24
 0.23 0.23 0.22 0.22 0.21 0.21 0.2  0.2  0.19 0.19 0.18 0.18 0.17 0.08
 0.16 0.16 0.15 0.15 0.14 0.14 0.13 0.13 0.12 0.12 0.12 0.11 0.1  0.1
 0.09 0.09 0.08 0.08 0.07 0.07 0.06 0.06 0.05 0.05 0.05 0.04 0.03 0.03
 0.02 0.02 0.38 0.4  0.4  0.39 0.39 0.38 0.38 0.37 0.37 0.36 0.36 0.35
 0.35 0.26 0.34 0.33 0.33 0.32 0.32 0.31 0.31 0.3  0.21 0.3  0.29 0.28
 0.28 0.27 0.27 0.26 0.12 0.25 0.25 0.24 0.24 0.23 0.23 0.22 0.22 0.21
 0.21 0.18 0.2  0.19 0.19 0.18 0.18 0.17 0.17 0.16 0.12 0.15 0.15 0.14
 0.13 0.13 0.13 0.12 0.12 0.1  0.11 0.11 0.1  0.09 0.08 0.08 0.08 0.07
 0.07 0.06 0.06 0.05 0.05 0.04 0.04 0.03 0.03 0.03 0.02 0.41 0.41 0.4
 0.4  0.16 0.38 0.38 0.38 0.37 0.36 0.36 0.35 0.35 0.34 0.34 0.33 0.19
 0.32 0.32 0.31 0.31 0.2  0.3  0.29 0.29 0.28 0.28 0.27 0.16 0.26 0.26
 0.25 0.2  0.24 0.14 0.23 0.23 0.22 0.22 0.21 0.21 0.2  0.2  0.19 0.19
 0.18 0.18 0.17 0.17 0.16 0.15 0.15 0.15 0.14 0.14 0.13 0.13 0.12 0.12
 0.11 0.11 0.1  0.1  0.09 0.09 0.08 0.08 0.08 0.07 0.07 0.06 0.05 0.05
 0.04 0.04 0.03 0.03 0.02 0.02]
Max fill is: 41.07%
bergMask.bin (12, 100)
bergMaskNums.bin (12, 100)
numBergsPerCell.bin (12, 100)
openFrac.bin (50, 12, 100)
totalBergArea.bin (50, 12, 100)
meltMask.bin (12, 100)
driftMask.bin (12, 100)
barrierMask.bin (12, 100)
icebergs_depths.bin (500, 12, 100)
icebergs_widths.bin (500, 12, 100)
icebergs_length.bin (500, 12, 100)
Berg setup is done.
====== Cleaning up input/ files =====
====== sbatch script and settings =====
===== Wall Clock Time =====
Estimated run time is 4.32 hours for one CPU
Estimated run time is 0.52 hours for 10 CPUs

